>CAACCAC	1-CAACCAC	5.618885	-34.486961	0	T:1516.0(60.42%),B:3038.9(51.02%),P:1e-14	Tpos:753.7,Tstd:462.0,Bpos:741.6,Bstd:459.2,StrandBias:0.1,Multiplicity:1.59
0.001	0.997	0.001	0.001
0.705	0.001	0.171	0.123
0.716	0.001	0.170	0.113
0.001	0.997	0.001	0.001
0.001	0.997	0.001	0.001
0.997	0.001	0.001	0.001
0.001	0.881	0.001	0.117
>CCACACG	2-CCACACG	7.781947	-24.876356	0	T:573.0(22.84%),B:988.9(16.60%),P:1e-10	Tpos:800.7,Tstd:460.6,Bpos:790.7,Bstd:458.5,StrandBias:0.3,Multiplicity:1.12
0.001	0.997	0.001	0.001
0.001	0.997	0.001	0.001
0.997	0.001	0.001	0.001
0.001	0.997	0.001	0.001
0.774	0.001	0.224	0.001
0.001	0.997	0.001	0.001
0.335	0.001	0.663	0.001
>TAGCCAC	3-TAGCCAC	6.093399	-12.914875	0	T:1123.0(44.76%),B:2345.2(39.37%),P:1e-5	Tpos:750.6,Tstd:452.1,Bpos:755.8,Bstd:447.4,StrandBias:-0.1,Multiplicity:1.39
0.001	0.001	0.001	0.997
0.997	0.001	0.001	0.001
0.001	0.001	0.997	0.001
0.001	0.853	0.001	0.145
0.001	0.997	0.001	0.001
0.684	0.001	0.117	0.198
0.001	0.836	0.001	0.162
>CGCCGCG	4-CGCCGCG	5.740273	-8.939893	0	T:570.0(22.72%),B:1142.3(19.18%),P:1e-3	Tpos:735.2,Tstd:492.1,Bpos:735.4,Bstd:524.7,StrandBias:0.2,Multiplicity:1.54
0.083	0.863	0.001	0.053
0.001	0.056	0.896	0.047
0.083	0.754	0.088	0.075
0.001	0.997	0.001	0.001
0.070	0.001	0.928	0.001
0.001	0.840	0.070	0.089
0.001	0.199	0.799	0.001
>ATGGATG	5-ATGGATG	8.458450	-5.552279	0	T:809.0(32.24%),B:1745.9(29.31%),P:1e-2	Tpos:729.1,Tstd:432.2,Bpos:753.4,Bstd:445.9,StrandBias:0.2,Multiplicity:1.29
0.997	0.001	0.001	0.001
0.001	0.001	0.001	0.997
0.001	0.001	0.997	0.001
0.001	0.293	0.705	0.001
0.997	0.001	0.001	0.001
0.001	0.001	0.001	0.997
0.001	0.001	0.997	0.001